100
0, 0.5
100, 0.5
200, 0.5
300, 0.5
400, 0.5
500, 0.5
600, 0.5
700, 0.5
800, 0.5
900, 0.5
1000, 0.5
1100, 0.5
1200, 0.5
1300, 0.5
1400, 0.5
1500, 0.5
1600, 0.5
1700, 0.5
1800, 0.5
1900, 0.5
2000, 0.5
2100, 0.5
2200, 0.5
2300, 0.5
2400, 0.5
2500, 0.5
2600, 0.5
2700, 0.5
2800, 0.5
2900, 0.5
3000, 0.5
3100, 0.5
3200, 0.5
3300, 0.5
3400, 0.5
3500, 0.5
3600, 0.5
3700, 0.5
3800, 0.5
3900, 0.5
4000, 0.5
4100, 0.5
4200, 0.5
4300, 0.5
4400, 0.5
4500, 0.5
4600, 0.5
4700, 0.5
4800, 0.5
4900, 0.5
5000, 0.5
5100, 0.5
5200, 0.5
5300, 0.5
5400, 0.5
5500, 0.5
5600, 0.5
5700, 0.5
5800, 0.5
5900, 0.5
6000, 0.5
6100, 0.5
6200, 0.5
6300, 0.5
6400, 0.5
6500, 0.5
6600, 0.5
6700, 0.5
6800, 0.5
6900, 0.5
7000, 0.5
7100, 0.5
7200, 0.5
7300, 0.5
7400, 0.5
7500, 0.5
7600, 0.5
7700, 0.5
7800, 0.5
7900, 0.5
8000, 0.5
8100, 0.5
8200, 0.5
8300, 0.5
8400, 0.5
8500, 0.5
8600, 0.5
8700, 0.5
8800, 0.5
8900, 0.5
9000, 0.5
9100, 0.5
9200, 0.5
9300, 0.5
9400, 0.5
9500, 0.5
9600, 0.5
9700, 0.5
9800, 0.5
9900, 0.5
10000, 0.5
10100, 0.5
10200, 0.5
10300, 0.5
10400, 0.5
10500, 0.5
10600, 0.5
10700, 0.5
10800, 0.5
10900, 0.5
11000, 0.5
11100, 0.5
11200, 0.5
11300, 0.5
11400, 0.5
11500, 0.5
11600, 0.5
11700, 0.5
11800, 0.5
11900, 0.5
12000, 0.5
12100, 0.5
12200, 0.504065
12300, 0.50813
12400, 0.512195
12500, 0.51626
12600, 0.520325
12700, 0.52439
12800, 0.528455
12900, 0.53252
13000, 0.536585
13100, 0.54065
13200, 0.544715
13300, 0.54878
13400, 0.552845
13500, 0.55691
13600, 0.560975
13700, 0.56504
13800, 0.569105
13900, 0.57317
14000, 0.577235
14100, 0.5813
14200, 0.585365
14300, 0.58943
14400, 0.593495
14500, 0.59756
14600, 0.601625
14700, 0.60569
14800, 0.609755
14900, 0.61382
15000, 0.617885
15100, 0.62195
15200, 0.626015
15300, 0.63008
15400, 0.634145
15500, 0.63821
15600, 0.642275
15700, 0.64634
15800, 0.650405
15900, 0.65447
16000, 0.658535
16100, 0.6626
16200, 0.666665
16300, 0.67073
16400, 0.674795
16500, 0.67886
16600, 0.682925
16700, 0.68699
16800, 0.691055
16900, 0.69512
17000, 0.699185
17100, 0.70325
17200, 0.707315
17300, 0.71138
17400, 0.715445
17500, 0.71951
17600, 0.723575
17700, 0.72764
17800, 0.731705
17900, 0.73577
18000, 0.739835
18100, 0.7439
18200, 0.747965
18300, 0.75203
18400, 0.756095
18500, 0.76016
18600, 0.764225
18700, 0.76829
18800, 0.772355
18900, 0.77642
19000, 0.780485
19100, 0.78455
19200, 0.788615
19300, 0.79268
19400, 0.796745
19500, 0.80081
19600, 0.804875
19700, 0.80894
19800, 0.813005
19900, 0.81707
20000, 0.821135
20100, 0.8252
20200, 0.829265
20300, 0.83333
20400, 0.837395
20500, 0.84146
20600, 0.845525
20700, 0.84959
20800, 0.853655
20900, 0.85772
21000, 0.861785
21100, 0.86585
21200, 0.869915
21300, 0.87398
21400, 0.878045
21500, 0.88211
21600, 0.886175
21700, 0.89024
21800, 0.894305
21900, 0.89837
22000, 0.902435
22100, 0.9065
22200, 0.910565
22300, 0.91463
22400, 0.918695
22500, 0.92276
22600, 0.926825
22700, 0.93089
22800, 0.934955
22900, 0.93902
23000, 0.943085
23100, 0.94715
23200, 0.951215
23300, 0.95528
23400, 0.959345
23500, 0.96341
23600, 0.967475
23700, 0.97154
23800, 0.975605
23900, 0.97967
24000, 0.983735
24100, 0.9878
24200, 0.991865
24300, 0.99593
24400, 0.999995
24500, 0.99593
24600, 0.991865
24700, 0.9878
24800, 0.983735
24900, 0.97967
25000, 0.975605
25100, 0.97154
25200, 0.967475
25300, 0.96341
25400, 0.959345
25500, 0.95528
25600, 0.951215
25700, 0.94715
25800, 0.943085
25900, 0.93902
26000, 0.934955
26100, 0.93089
26200, 0.926825
26300, 0.92276
26400, 0.918695
26500, 0.91463
26600, 0.910565
26700, 0.9065
26800, 0.902435
26900, 0.89837
27000, 0.894305
27100, 0.89024
27200, 0.886175
27300, 0.88211
27400, 0.878045
27500, 0.87398
27600, 0.869915
27700, 0.86585
27800, 0.861785
27900, 0.85772
28000, 0.853655
28100, 0.84959
28200, 0.845525
28300, 0.84146
28400, 0.837395
28500, 0.83333
28600, 0.829265
28700, 0.8252
28800, 0.821135
28900, 0.81707
29000, 0.813005
29100, 0.80894
29200, 0.804875
29300, 0.80081
29400, 0.796745
29500, 0.79268
29600, 0.788615
29700, 0.78455
29800, 0.780485
29900, 0.77642
30000, 0.772355
30100, 0.76829
30200, 0.764225
30300, 0.76016
30400, 0.756095
30500, 0.75203
30600, 0.747965
30700, 0.7439
30800, 0.739835
30900, 0.73577
31000, 0.731705
31100, 0.72764
31200, 0.723575
31300, 0.71951
31400, 0.715445
31500, 0.71138
31600, 0.707315
31700, 0.70325
31800, 0.699185
31900, 0.69512
32000, 0.691055
32100, 0.68699
32200, 0.682925
32300, 0.67886
32400, 0.674795
32500, 0.67073
32600, 0.666665
32700, 0.6626
32800, 0.658535
32900, 0.65447
33000, 0.650405
33100, 0.64634
33200, 0.642275
33300, 0.63821
33400, 0.634145
33500, 0.63008
33600, 0.626015
33700, 0.62195
33800, 0.617885
33900, 0.61382
34000, 0.609755
34100, 0.60569
34200, 0.601625
34300, 0.59756
34400, 0.593495
34500, 0.58943
34600, 0.585365
34700, 0.5813
34800, 0.577235
34900, 0.57317
35000, 0.569105
35100, 0.56504
35200, 0.560975
35300, 0.55691
35400, 0.552845
35500, 0.54878
35600, 0.544715
35700, 0.54065
35800, 0.536585
35900, 0.53252
36000, 0.528455
36100, 0.52439
36200, 0.520325
36300, 0.51626
36400, 0.512195
36500, 0.50813
36600, 0.504065
36700, 0.5
36800, 0.5
36900, 0.5
37000, 0.5
37100, 0.5
37200, 0.5
37300, 0.5
37400, 0.5
37500, 0.5
37600, 0.5
37700, 0.5
37800, 0.5
37900, 0.5
38000, 0.5
38100, 0.5
38200, 0.5
38300, 0.5
38400, 0.5
38500, 0.5
38600, 0.5
38700, 0.5
38800, 0.5
38900, 0.5
39000, 0.5
39100, 0.5
39200, 0.5
39300, 0.5
39400, 0.5
39500, 0.5
39600, 0.5
39700, 0.5
39800, 0.5
39900, 0.5
40000, 0.5
40100, 0.5
40200, 0.5
40300, 0.5
40400, 0.5
40500, 0.5
40600, 0.5
40700, 0.5
40800, 0.5
40900, 0.5
41000, 0.5
41100, 0.5
41200, 0.5
41300, 0.5
41400, 0.5
41500, 0.5
41600, 0.5
41700, 0.5
41800, 0.5
41900, 0.5
42000, 0.5
42100, 0.5
42200, 0.5
42300, 0.5
42400, 0.5
42500, 0.5
42600, 0.5
42700, 0.5
42800, 0.5
42900, 0.5
43000, 0.5
43100, 0.5
43200, 0.5
43300, 0.5
43400, 0.5
43500, 0.5
43600, 0.5
43700, 0.5
43800, 0.5
43900, 0.5
44000, 0.5
44100, 0.5
44200, 0.5
44300, 0.5
44400, 0.5
44500, 0.5
44600, 0.5
44700, 0.5
44800, 0.5
44900, 0.5
45000, 0.5
45100, 0.5
45200, 0.5
45300, 0.5
45400, 0.5
45500, 0.5
45600, 0.5
45700, 0.5
45800, 0.5
45900, 0.5
46000, 0.5
46100, 0.5
46200, 0.5
46300, 0.5
46400, 0.5
46500, 0.5
46600, 0.5
46700, 0.5
46800, 0.5
46900, 0.5
47000, 0.5
47100, 0.5
47200, 0.5
47300, 0.5
47400, 0.5
47500, 0.5
47600, 0.5
47700, 0.5
47800, 0.5
47900, 0.5
48000, 0.5
48100, 0.5
48200, 0.5
48300, 0.5
48400, 0.5
48500, 0.5
48600, 0.5
48700, 0.5
48800, 0.5
48900, 0.5
49000, 0.5
49100, 0.495935
49200, 0.49187
49300, 0.487805
49400, 0.48374
49500, 0.479675
49600, 0.47561
49700, 0.471545
49800, 0.46748
49900, 0.463415
50000, 0.45935
50100, 0.455285
50200, 0.45122
50300, 0.447155
50400, 0.44309
50500, 0.439025
50600, 0.43496
50700, 0.430895
50800, 0.42683
50900, 0.422765
51000, 0.4187
51100, 0.414635
51200, 0.41057
51300, 0.406505
51400, 0.40244
51500, 0.398375
51600, 0.39431
51700, 0.390245
51800, 0.38618
51900, 0.382115
52000, 0.37805
52100, 0.373985
52200, 0.36992
52300, 0.365855
52400, 0.36179
52500, 0.357725
52600, 0.35366
52700, 0.349595
52800, 0.34553
52900, 0.341465
53000, 0.3374
53100, 0.333335
53200, 0.32927
53300, 0.325205
53400, 0.32114
53500, 0.317075
53600, 0.31301
53700, 0.308945
53800, 0.30488
53900, 0.300815
54000, 0.29675
54100, 0.292685
54200, 0.28862
54300, 0.284555
54400, 0.28049
54500, 0.276425
54600, 0.27236
54700, 0.268295
54800, 0.26423
54900, 0.260165
55000, 0.2561
55100, 0.252035
55200, 0.24797
55300, 0.243905
55400, 0.23984
55500, 0.235775
55600, 0.23171
55700, 0.227645
55800, 0.22358
55900, 0.219515
56000, 0.21545
56100, 0.211385
56200, 0.20732
56300, 0.203255
56400, 0.19919
56500, 0.195125
56600, 0.19106
56700, 0.186995
56800, 0.18293
56900, 0.178865
57000, 0.1748
57100, 0.170735
57200, 0.16667
57300, 0.162605
57400, 0.15854
57500, 0.154475
57600, 0.15041
57700, 0.146345
57800, 0.14228
57900, 0.138215
58000, 0.13415
58100, 0.130085
58200, 0.12602
58300, 0.121955
58400, 0.11789
58500, 0.113825
58600, 0.10976
58700, 0.105695
58800, 0.10163
58900, 0.097565
59000, 0.0935
59100, 0.089435
59200, 0.08537
59300, 0.081305
59400, 0.07724
59500, 0.073175
59600, 0.06911
59700, 0.065045
59800, 0.06098
59900, 0.056915
60000, 0.05285
60100, 0.048785
60200, 0.04472
60300, 0.040655
60400, 0.03659
60500, 0.032525
60600, 0.02846
60700, 0.024395
60800, 0.02033
60900, 0.016265
61000, 0.0122
61100, 0.008135
61200, 0.00407
61300, 5E-06
61400, 0.00407
61500, 0.008135
61600, 0.0122
61700, 0.016265
61800, 0.02033
61900, 0.024395
62000, 0.02846
62100, 0.032525
62200, 0.03659
62300, 0.040655
62400, 0.04472
62500, 0.048785
62600, 0.05285
62700, 0.056915
62800, 0.06098
62900, 0.065045
63000, 0.06911
63100, 0.073175
63200, 0.07724
63300, 0.081305
63400, 0.08537
63500, 0.089435
63600, 0.0935
63700, 0.097565
63800, 0.10163
63900, 0.105695
64000, 0.10976
64100, 0.113825
64200, 0.11789
64300, 0.121955
64400, 0.12602
64500, 0.130085
64600, 0.13415
64700, 0.138215
64800, 0.14228
64900, 0.146345
65000, 0.15041
65100, 0.154475
65200, 0.15854
65300, 0.162605
65400, 0.16667
65500, 0.170735
65600, 0.1748
65700, 0.178865
65800, 0.18293
65900, 0.186995
66000, 0.19106
66100, 0.195125
66200, 0.19919
66300, 0.203255
66400, 0.20732
66500, 0.211385
66600, 0.21545
66700, 0.219515
66800, 0.22358
66900, 0.227645
67000, 0.23171
67100, 0.235775
67200, 0.23984
67300, 0.243905
67400, 0.24797
67500, 0.252035
67600, 0.2561
67700, 0.260165
67800, 0.26423
67900, 0.268295
68000, 0.27236
68100, 0.276425
68200, 0.28049
68300, 0.284555
68400, 0.28862
68500, 0.292685
68600, 0.29675
68700, 0.300815
68800, 0.30488
68900, 0.308945
69000, 0.31301
69100, 0.317075
69200, 0.32114
69300, 0.325205
69400, 0.32927
69500, 0.333335
69600, 0.3374
69700, 0.341465
69800, 0.34553
69900, 0.349595
70000, 0.35366
70100, 0.357725
70200, 0.36179
70300, 0.365855
70400, 0.36992
70500, 0.373985
70600, 0.37805
70700, 0.382115
70800, 0.38618
70900, 0.390245
71000, 0.39431
71100, 0.398375
71200, 0.40244
71300, 0.406505
71400, 0.41057
71500, 0.414635
71600, 0.4187
71700, 0.422765
71800, 0.42683
71900, 0.430895
72000, 0.43496
72100, 0.439025
72200, 0.44309
72300, 0.447155
72400, 0.45122
72500, 0.455285
72600, 0.45935
72700, 0.463415
72800, 0.46748
72900, 0.471545
73000, 0.47561
73100, 0.479675
73200, 0.48374
73300, 0.487805
73400, 0.49187
73500, 0.495935
73600, 0.5
73700, 0.5
73800, 0.5
73900, 0.5
74000, 0.5
74100, 0.5
74200, 0.5
74300, 0.5
74400, 0.5
74500, 0.5
74600, 0.5
74700, 0.5
74800, 0.5
74900, 0.5
75000, 0.5
75100, 0.5
75200, 0.5
75300, 0.5
75400, 0.5
75500, 0.5
75600, 0.5
75700, 0.5
75800, 0.5
75900, 0.5
76000, 0.5
76100, 0.5
76200, 0.5
76300, 0.5
76400, 0.5
76500, 0.5
76600, 0.5
76700, 0.5
76800, 0.5
76900, 0.5
77000, 0.5
77100, 0.5
77200, 0.5
77300, 0.5
77400, 0.5
77500, 0.5
77600, 0.5
77700, 0.5
77800, 0.5
77900, 0.5
78000, 0.5
78100, 0.5
78200, 0.5
78300, 0.5
78400, 0.5
78500, 0.5
78600, 0.5
78700, 0.5
78800, 0.5
78900, 0.5
79000, 0.5
79100, 0.5
79200, 0.5
79300, 0.5
79400, 0.5
79500, 0.5
79600, 0.5
79700, 0.5
79800, 0.5
79900, 0.5
80000, 0.5
80100, 0.5
80200, 0.5
80300, 0.5
80400, 0.5
80500, 0.5
80600, 0.5
80700, 0.5
80800, 0.5
80900, 0.5
81000, 0.5
81100, 0.5
81200, 0.5
81300, 0.5
81400, 0.5
81500, 0.5
81600, 0.5
81700, 0.5
81800, 0.5
81900, 0.5
82000, 0.5
82100, 0.5
82200, 0.5
82300, 0.5
82400, 0.5
82500, 0.5
82600, 0.5
82700, 0.5
82800, 0.5
82900, 0.5
83000, 0.5
83100, 0.5
83200, 0.5
83300, 0.5
83400, 0.5
83500, 0.5
83600, 0.5
83700, 0.5
83800, 0.5
83900, 0.5
84000, 0.5
84100, 0.5
84200, 0.5
84300, 0.5
84400, 0.5
84500, 0.5
84600, 0.5
84700, 0.5
84800, 0.5
84900, 0.5
85000, 0.5
85100, 0.5
85200, 0.5
85300, 0.5
85400, 0.5
85500, 0.5
85600, 0.5
85700, 0.5
85800, 0.5
85900, 0.5
86000, 0.5
86100, 0.5
86200, 0.5
