10000
0,1
10000,1
20000,1
30000,1
40000,1
50000,1
60000,1
70000,1
80000,1
90000,1
100000,1
110000,1
120000,1
130000,1
140000,1
150000,1
160000,1
170000,1
180000,1
190000,1
200000,1
210000,1
220000,1
230000,1
240000,1
250000,1
260000,1
270000,1
280000,1
290000,1
300000,1
310000,1
320000,1
330000,1
340000,1
350000,1
360000,1
370000,1
380000,1
390000,1
400000,1
410000,1
420000,1
430000,1
440000,1
450000,1
460000,1
470000,1
480000,1
490000,1
500000,1
510000,1
520000,1
530000,1
540000,1
550000,1
560000,1
570000,1
580000,1
590000,1
600000,0.1
610000,0.1
620000,0.1
630000,0.1
640000,0.1
650000,0.1
660000,0.1
670000,0.1
680000,0.1
690000,0.1
700000,0.1
710000,0.1
720000,0.1
730000,0.1
740000,0.1
750000,0.1
760000,0.1
770000,0.1
780000,0.1
790000,0.1
800000,0.1
810000,0.1
820000,0.1
830000,0.1
840000,0.1
850000,0.1
860000,0.1
870000,0.1
880000,0.1
890000,0.1
900000,0.1
910000,0.1
920000,0.1
930000,0.1
940000,0.1
950000,0.1
960000,0.1
970000,0.1
980000,0.1
990000,0.1
1000000,0.1
1010000,0.1
1020000,0.1
1030000,0.1
1040000,0.1
1050000,0.1
1060000,0.1
1070000,0.1
1080000,0.1
1090000,0.1
1100000,0.1
1110000,0.1
1120000,0.1
1130000,0.1
1140000,0.1
1150000,0.1
1160000,0.1
1170000,0.1
1180000,0.1
1190000,0.1
1200000,1
1210000,1
1220000,1
1230000,1
1240000,1
1250000,1
1260000,1
1270000,1
1280000,1
1290000,1
1300000,1
1310000,1
1320000,1
1330000,1
1340000,1
1350000,1
1360000,1
1370000,1
1380000,1
1390000,1
1400000,1
1410000,1
1420000,1
1430000,1
1440000,1
1450000,1
1460000,1
1470000,1
1480000,1
1490000,1
1500000,1
1510000,1
1520000,1
1530000,1
1540000,1
1550000,1
1560000,1
1570000,1
1580000,1
1590000,1
1600000,1
1610000,1
1620000,1
1630000,1
1640000,1
1650000,1
1660000,1
1670000,1
1680000,1
1690000,1
1700000,1
1710000,1
1720000,1
1730000,1
1740000,1
1750000,1
1760000,1
1770000,1
1780000,1
1790000,1
