100
0, 30
100, 30
200, 30
300, 30
400, 30
500, 30
600, 30
700, 30
800, 30
900, 30
1000, 30
1100, 30
1200, 30
1300, 30
1400, 30
1500, 30
1600, 30
1700, 30
1800, 30
1900, 30
2000, 30
2100, 30
2200, 30
2300, 30
2400, 30
2500, 30
2600, 30
2700, 30
2800, 30
2900, 30
3000, 30
3100, 30
3200, 30
3300, 30
3400, 30
3500, 30
3600, 30
3700, 30
3800, 30
3900, 30
4000, 30
4100, 30
4200, 30
4300, 30
4400, 30
4500, 30
4600, 30
4700, 30
4800, 30
4900, 30
5000, 30
5100, 30
5200, 30
5300, 30
5400, 30
5500, 30
5600, 30
5700, 30
5800, 30
5900, 30
6000, 30
6100, 30
6200, 30
6300, 30
6400, 30
6500, 30
6600, 30
6700, 30
6800, 30
6900, 30
7000, 30
7100, 30
7200, 30
7300, 30
7400, 30
7500, 30
7600, 30
7700, 30
7800, 30
7900, 30
8000, 30
8100, 30
8200, 30
8300, 30
8400, 30
8500, 30
8600, 30
8700, 30
8800, 30
8900, 30
9000, 30
9100, 30
9200, 30
9300, 30
9400, 30
9500, 30
9600, 30
9700, 30
9800, 30
9900, 30
10000, 30
10100, 30
10200, 30
10300, 30
10400, 30
10500, 30
10600, 30
10700, 30
10800, 30
10900, 30
11000, 30
11100, 30
11200, 30
11300, 30
11400, 30
11500, 30
11600, 30
11700, 30
11800, 30
11900, 30
12000, 30
12100, 30
12200, 30
12300, 30
12400, 30
12500, 30
12600, 30
12700, 30
12800, 30
12900, 30
13000, 30
13100, 30
13200, 30
13300, 30
13400, 30
13500, 30
13600, 30
13700, 30
13800, 30
13900, 30
14000, 30
14100, 30
14200, 30
14300, 30
14400, 30
14500, 30
14600, 30
14700, 30
14800, 30
14900, 30
15000, 30
15100, 30
15200, 30
15300, 30
15400, 30
15500, 30
15600, 30
15700, 30
15800, 30
15900, 30
16000, 30
16100, 30
16200, 30
16300, 30
16400, 30
16500, 30
16600, 30
16700, 30
16800, 30
16900, 30
17000, 30
17100, 30
17200, 30
17300, 30
17400, 30
17500, 30
17600, 30
17700, 30
17800, 30
17900, 30
18000, 30
18100, 30
18200, 30
18300, 30
18400, 30
18500, 30
18600, 30
18700, 30
18800, 30
18900, 30
19000, 30
19100, 30
19200, 30
19300, 30
19400, 30
19500, 30
19600, 30
19700, 30
19800, 30
19900, 30
20000, 30
20100, 30
20200, 30
20300, 30
20400, 30
20500, 30
20600, 30
20700, 30
20800, 30
20900, 30
21000, 30
21100, 30
21200, 30
21300, 30
21400, 30
21500, 30
21600, 30
21700, 30
21800, 30
21900, 30
22000, 30
22100, 30
22200, 30
22300, 30
22400, 30
22500, 30
22600, 30
22700, 30
22800, 30
22900, 30
23000, 30
23100, 30
23200, 30
23300, 30
23400, 30
23500, 30
23600, 30
23700, 30
23800, 30
23900, 30
24000, 30
24100, 30
24200, 30
24300, 30
24400, 30
24500, 30
24600, 30
24700, 30
24800, 30
24900, 30
25000, 30
25100, 30
25200, 30
25300, 30
25400, 30
25500, 30
25600, 30
25700, 30
25800, 30
25900, 30
26000, 30
26100, 30
26200, 30
26300, 30
26400, 30
26500, 30
26600, 30
26700, 30
26800, 30
26900, 30
27000, 30
27100, 30
27200, 30
27300, 30
27400, 30
27500, 30
27600, 30
27700, 30
27800, 30
27900, 30
28000, 30
28100, 30
28200, 30
28300, 30
28400, 30
28500, 30
28600, 30
28700, 30
28800, 30
28900, 30
29000, 30
29100, 30
29200, 30
29300, 30
29400, 30
29500, 30
29600, 30
29700, 30
29800, 30
29900, 30
30000, 30
30100, 30
30200, 30
30300, 30
30400, 30
30500, 30
30600, 30
30700, 30
30800, 30
30900, 30
31000, 30
31100, 30
31200, 30
31300, 30
31400, 30
31500, 30
31600, 30
31700, 30
31800, 30
31900, 30
32000, 30
32100, 30
32200, 30
32300, 30
32400, 30
32500, 30
32600, 30
32700, 30
32800, 30
32900, 30
33000, 30
33100, 30
33200, 30
33300, 30
33400, 30
33500, 30
33600, 30
33700, 30
33800, 30
33900, 30
34000, 30
34100, 30
34200, 30
34300, 30
34400, 30
34500, 30
34600, 30
34700, 30
34800, 30
34900, 30
35000, 30
35100, 30
35200, 30
35300, 30
35400, 30
35500, 30
35600, 30
35700, 30
35800, 30
35900, 30
36000, 30
36100, 30
36200, 30
36300, 30
36400, 30
36500, 30
36600, 30
36700, 30
36800, 30
36900, 30
37000, 30
37100, 30
37200, 30
37300, 30
37400, 30
37500, 30
37600, 30
37700, 30
37800, 30
37900, 30
38000, 30
38100, 30
38200, 30
38300, 30
38400, 30
38500, 30
38600, 30
38700, 30
38800, 30
38900, 30
39000, 30
39100, 30
39200, 30
39300, 30
39400, 30
39500, 30
39600, 30
39700, 30
39800, 30
39900, 30
40000, 30
40100, 30
40200, 30
40300, 30
40400, 30
40500, 30
40600, 30
40700, 30
40800, 30
40900, 30
41000, 30
41100, 30
41200, 30
41300, 30
41400, 30
41500, 30
41600, 30
41700, 30
41800, 30
41900, 30
42000, 30
42100, 30
42200, 30
42300, 30
42400, 30
42500, 30
42600, 30
42700, 30
42800, 30
42900, 30
43000, 30
43100, 30
43200, 30
43300, 30
43400, 30
43500, 30
43600, 30
43700, 30
43800, 30
43900, 30
44000, 30
44100, 30
44200, 30
44300, 30
44400, 30
44500, 30
44600, 30
44700, 30
44800, 30
44900, 30
45000, 30
45100, 30
45200, 30
45300, 30
45400, 30
45500, 30
45600, 30
45700, 30
45800, 30
45900, 30
46000, 30
46100, 30
46200, 30
46300, 30
46400, 30
46500, 30
46600, 30
46700, 30
46800, 30
46900, 30
47000, 30
47100, 30
47200, 30
47300, 30
47400, 30
47500, 30
47600, 30
47700, 30
47800, 30
47900, 30
48000, 30
48100, 30
48200, 30
48300, 30
48400, 30
48500, 30
48600, 30
48700, 30
48800, 30
48900, 30
49000, 30
49100, 30
49200, 30
49300, 30
49400, 30
49500, 30
49600, 30
49700, 30
49800, 30
49900, 30
50000, 30
50100, 30
50200, 30
50300, 30
50400, 30
50500, 30
50600, 30
50700, 30
50800, 30
50900, 30
51000, 30
51100, 30
51200, 30
51300, 30
51400, 30
51500, 30
51600, 30
51700, 30
51800, 30
51900, 30
52000, 30
52100, 30
52200, 30
52300, 30
52400, 30
52500, 30
52600, 30
52700, 30
52800, 30
52900, 30
53000, 30
53100, 30
53200, 30
53300, 30
53400, 30
53500, 30
53600, 30
53700, 30
53800, 30
53900, 30
54000, 30
54100, 30
54200, 30
54300, 30
54400, 30
54500, 30
54600, 30
54700, 30
54800, 30
54900, 30
55000, 30
55100, 30
55200, 30
55300, 30
55400, 30
55500, 30
55600, 30
55700, 30
55800, 30
55900, 30
56000, 30
56100, 30
56200, 30
56300, 30
56400, 30
56500, 30
56600, 30
56700, 30
56800, 30
56900, 30
57000, 30
57100, 30
57200, 30
57300, 30
57400, 30
57500, 30
57600, 30
57700, 30
57800, 30
57900, 30
58000, 30
58100, 30
58200, 30
58300, 30
58400, 30
58500, 30
58600, 30
58700, 30
58800, 30
58900, 30
59000, 30
59100, 30
59200, 30
59300, 30
59400, 30
59500, 30
59600, 30
59700, 30
59800, 30
59900, 30
60000, 30
60100, 30
60200, 30
60300, 30
60400, 30
60500, 30
60600, 30
60700, 30
60800, 30
60900, 30
61000, 30
61100, 30
61200, 30
61300, 30
61400, 30
61500, 30
61600, 30
61700, 30
61800, 30
61900, 30
62000, 30
62100, 30
62200, 30
62300, 30
62400, 30
62500, 30
62600, 30
62700, 30
62800, 30
62900, 30
63000, 30
63100, 30
63200, 30
63300, 30
63400, 30
63500, 30
63600, 30
63700, 30
63800, 30
63900, 30
64000, 30
64100, 30
64200, 30
64300, 30
64400, 30
64500, 30
64600, 30
64700, 30
64800, 30
64900, 30
65000, 30
65100, 30
65200, 30
65300, 30
65400, 30
65500, 30
65600, 30
65700, 30
65800, 30
65900, 30
66000, 30
66100, 30
66200, 30
66300, 30
66400, 30
66500, 30
66600, 30
66700, 30
66800, 30
66900, 30
67000, 30
67100, 30
67200, 30
67300, 30
67400, 30
67500, 30
67600, 30
67700, 30
67800, 30
67900, 30
68000, 30
68100, 30
68200, 30
68300, 30
68400, 30
68500, 30
68600, 30
68700, 30
68800, 30
68900, 30
69000, 30
69100, 30
69200, 30
69300, 30
69400, 30
69500, 30
69600, 30
69700, 30
69800, 30
69900, 30
70000, 30
70100, 30
70200, 30
70300, 30
70400, 30
70500, 30
70600, 30
70700, 30
70800, 30
70900, 30
71000, 30
71100, 30
71200, 30
71300, 30
71400, 30
71500, 30
71600, 30
71700, 30
71800, 30
71900, 30
72000, 30
72100, 30
72200, 30
72300, 30
72400, 30
72500, 30
72600, 30
72700, 30
72800, 30
72900, 30
73000, 30
73100, 30
73200, 30
73300, 30
73400, 30
73500, 30
73600, 30
73700, 30
73800, 30
73900, 30
74000, 30
74100, 30
74200, 30
74300, 30
74400, 30
74500, 30
74600, 30
74700, 30
74800, 30
74900, 30
75000, 30
75100, 30
75200, 30
75300, 30
75400, 30
75500, 30
75600, 30
75700, 30
75800, 30
75900, 30
76000, 30
76100, 30
76200, 30
76300, 30
76400, 30
76500, 30
76600, 30
76700, 30
76800, 30
76900, 30
77000, 30
77100, 30
77200, 30
77300, 30
77400, 30
77500, 30
77600, 30
77700, 30
77800, 30
77900, 30
78000, 30
78100, 30
78200, 30
78300, 30
78400, 30
78500, 30
78600, 30
78700, 30
78800, 30
78900, 30
79000, 30
79100, 30
79200, 30
79300, 30
79400, 30
79500, 30
79600, 30
79700, 30
79800, 30
79900, 30
80000, 30
80100, 30
80200, 30
80300, 30
80400, 30
80500, 30
80600, 30
80700, 30
80800, 30
80900, 30
81000, 30
81100, 30
81200, 30
81300, 30
81400, 30
81500, 30
81600, 30
81700, 30
81800, 30
81900, 30
82000, 30
82100, 30
82200, 30
82300, 30
82400, 30
82500, 30
82600, 30
82700, 30
82800, 30
82900, 30
83000, 30
83100, 30
83200, 30
83300, 30
83400, 30
83500, 30
83600, 30
83700, 30
83800, 30
83900, 30
84000, 30
84100, 30
84200, 30
84300, 30
84400, 30
84500, 30
84600, 30
84700, 30
84800, 30
84900, 30
85000, 30
85100, 30
85200, 30
85300, 30
85400, 30
85500, 30
85600, 30
85700, 30
85800, 30
85900, 30
86000, 30
86100, 30
86200, 30
