100
0, 20
100, 20
200, 20
300, 20
400, 20
500, 20
600, 20
700, 20
800, 20
900, 20
1000, 20
1100, 20
1200, 20
1300, 20
1400, 20
1500, 20
1600, 20
1700, 20
1800, 20
1900, 20
2000, 20
2100, 20
2200, 20
2300, 20
2400, 20
2500, 20
2600, 20
2700, 20
2800, 20
2900, 20
3000, 20
3100, 20
3200, 20
3300, 20
3400, 20
3500, 20
3600, 20
3700, 20
3800, 20
3900, 20
4000, 20
4100, 20
4200, 20
4300, 20
4400, 20
4500, 20
4600, 20
4700, 20
4800, 20
4900, 20
5000, 20
5100, 20
5200, 20
5300, 20
5400, 20
5500, 20
5600, 20
5700, 20
5800, 20
5900, 20
6000, 20
6100, 20
6200, 20
6300, 20
6400, 20
6500, 20
6600, 20
6700, 20
6800, 20
6900, 20
7000, 20
7100, 20
7200, 20
7300, 20
7400, 20
7500, 20
7600, 20
7700, 20
7800, 20
7900, 20
8000, 20
8100, 20
8200, 20
8300, 20
8400, 20
8500, 20
8600, 20
8700, 20
8800, 20
8900, 20
9000, 20
9100, 20
9200, 20
9300, 20
9400, 20
9500, 20
9600, 20
9700, 20
9800, 20
9900, 20
10000, 20
10100, 20
10200, 20
10300, 20
10400, 20
10500, 20
10600, 20
10700, 20
10800, 20
10900, 20
11000, 20
11100, 20
11200, 20
11300, 20
11400, 20
11500, 20
11600, 20
11700, 20
11800, 20
11900, 20
12000, 20
12100, 20
12200, 20
12300, 20
12400, 20
12500, 20
12600, 20
12700, 20
12800, 20
12900, 20
13000, 20
13100, 20
13200, 20
13300, 20
13400, 20
13500, 20
13600, 20
13700, 20
13800, 20
13900, 20
14000, 20
14100, 20
14200, 20
14300, 20
14400, 20
14500, 20
14600, 20
14700, 20
14800, 20
14900, 20
15000, 20
15100, 20
15200, 20
15300, 20
15400, 20
15500, 20
15600, 20
15700, 20
15800, 20
15900, 20
16000, 20
16100, 20
16200, 20
16300, 20
16400, 20
16500, 20
16600, 20
16700, 20
16800, 20
16900, 20
17000, 20
17100, 20
17200, 20
17300, 20
17400, 20
17500, 20
17600, 20
17700, 20
17800, 20
17900, 20
18000, 20
18100, 20
18200, 20
18300, 20
18400, 20
18500, 20
18600, 20
18700, 20
18800, 20
18900, 20
19000, 20
19100, 20
19200, 20
19300, 20
19400, 20
19500, 20
19600, 20
19700, 20
19800, 20
19900, 20
20000, 20
20100, 20
20200, 20
20300, 20
20400, 20
20500, 20
20600, 20
20700, 20
20800, 20
20900, 20
21000, 20
21100, 20
21200, 20
21300, 20
21400, 20
21500, 20
21600, 20
21700, 20
21800, 20
21900, 20
22000, 20
22100, 20
22200, 20
22300, 20
22400, 20
22500, 20
22600, 20
22700, 20
22800, 20
22900, 20
23000, 20
23100, 20
23200, 20
23300, 20
23400, 20
23500, 20
23600, 20
23700, 20
23800, 20
23900, 20
24000, 20
24100, 20
24200, 20
24300, 20
24400, 20
24500, 20
24600, 20
24700, 20
24800, 20
24900, 20
25000, 20
25100, 20
25200, 20
25300, 20
25400, 20
25500, 20
25600, 20
25700, 20
25800, 20
25900, 20
26000, 20
26100, 20
26200, 20
26300, 20
26400, 20
26500, 20
26600, 20
26700, 20
26800, 20
26900, 20
27000, 20
27100, 20
27200, 20
27300, 20
27400, 20
27500, 20
27600, 20
27700, 20
27800, 20
27900, 20
28000, 20
28100, 20
28200, 20
28300, 20
28400, 20
28500, 20
28600, 20
28700, 20
28800, 20
28900, 20
29000, 20
29100, 20
29200, 20
29300, 20
29400, 20
29500, 20
29600, 20
29700, 20
29800, 20
29900, 20
30000, 20
30100, 20
30200, 20
30300, 20
30400, 20
30500, 20
30600, 20
30700, 20
30800, 20
30900, 20
31000, 20
31100, 20
31200, 20
31300, 20
31400, 20
31500, 20
31600, 20
31700, 20
31800, 20
31900, 20
32000, 20
32100, 20
32200, 20
32300, 20
32400, 20
32500, 20
32600, 20
32700, 20
32800, 20
32900, 20
33000, 20
33100, 20
33200, 20
33300, 20
33400, 20
33500, 20
33600, 20
33700, 20
33800, 20
33900, 20
34000, 20
34100, 20
34200, 20
34300, 20
34400, 20
34500, 20
34600, 20
34700, 20
34800, 20
34900, 20
35000, 20
35100, 20
35200, 20
35300, 20
35400, 20
35500, 20
35600, 20
35700, 20
35800, 20
35900, 20
36000, 20
36100, 20
36200, 20
36300, 20
36400, 20
36500, 20
36600, 20
36700, 20
36800, 20
36900, 20
37000, 20
37100, 20
37200, 20
37300, 20
37400, 20
37500, 20
37600, 20
37700, 20
37800, 20
37900, 20
38000, 20
38100, 20
38200, 20
38300, 20
38400, 20
38500, 20
38600, 20
38700, 20
38800, 20
38900, 20
39000, 20
39100, 20
39200, 20
39300, 20
39400, 20
39500, 20
39600, 20
39700, 20
39800, 20
39900, 20
40000, 20
40100, 20
40200, 20
40300, 20
40400, 20
40500, 20
40600, 20
40700, 20
40800, 20
40900, 20
41000, 20
41100, 20
41200, 20
41300, 20
41400, 20
41500, 20
41600, 20
41700, 20
41800, 20
41900, 20
42000, 20
42100, 20
42200, 20
42300, 20
42400, 20
42500, 20
42600, 20
42700, 20
42800, 20
42900, 20
43000, 20
43100, 20
43200, 20
43300, 20
43400, 20
43500, 20
43600, 20
43700, 20
43800, 20
43900, 20
44000, 20
44100, 20
44200, 20
44300, 20
44400, 20
44500, 20
44600, 20
44700, 20
44800, 20
44900, 20
45000, 20
45100, 20
45200, 20
45300, 20
45400, 20
45500, 20
45600, 20
45700, 20
45800, 20
45900, 20
46000, 20
46100, 20
46200, 20
46300, 20
46400, 20
46500, 20
46600, 20
46700, 20
46800, 20
46900, 20
47000, 20
47100, 20
47200, 20
47300, 20
47400, 20
47500, 20
47600, 20
47700, 20
47800, 20
47900, 20
48000, 20
48100, 20
48200, 20
48300, 20
48400, 20
48500, 20
48600, 20
48700, 20
48800, 20
48900, 20
49000, 20
49100, 20
49200, 20
49300, 20
49400, 20
49500, 20
49600, 20
49700, 20
49800, 20
49900, 20
50000, 20
50100, 20
50200, 20
50300, 20
50400, 20
50500, 20
50600, 20
50700, 20
50800, 20
50900, 20
51000, 20
51100, 20
51200, 20
51300, 20
51400, 20
51500, 20
51600, 20
51700, 20
51800, 20
51900, 20
52000, 20
52100, 20
52200, 20
52300, 20
52400, 20
52500, 20
52600, 20
52700, 20
52800, 20
52900, 20
53000, 20
53100, 20
53200, 20
53300, 20
53400, 20
53500, 20
53600, 20
53700, 20
53800, 20
53900, 20
54000, 20
54100, 20
54200, 20
54300, 20
54400, 20
54500, 20
54600, 20
54700, 20
54800, 20
54900, 20
55000, 20
55100, 20
55200, 20
55300, 20
55400, 20
55500, 20
55600, 20
55700, 20
55800, 20
55900, 20
56000, 20
56100, 20
56200, 20
56300, 20
56400, 20
56500, 20
56600, 20
56700, 20
56800, 20
56900, 20
57000, 20
57100, 20
57200, 20
57300, 20
57400, 20
57500, 20
57600, 20
57700, 20
57800, 20
57900, 20
58000, 20
58100, 20
58200, 20
58300, 20
58400, 20
58500, 20
58600, 20
58700, 20
58800, 20
58900, 20
59000, 20
59100, 20
59200, 20
59300, 20
59400, 20
59500, 20
59600, 20
59700, 20
59800, 20
59900, 20
60000, 20
60100, 20
60200, 20
60300, 20
60400, 20
60500, 20
60600, 20
60700, 20
60800, 20
60900, 20
61000, 20
61100, 20
61200, 20
61300, 20
61400, 20
61500, 20
61600, 20
61700, 20
61800, 20
61900, 20
62000, 20
62100, 20
62200, 20
62300, 20
62400, 20
62500, 20
62600, 20
62700, 20
62800, 20
62900, 20
63000, 20
63100, 20
63200, 20
63300, 20
63400, 20
63500, 20
63600, 20
63700, 20
63800, 20
63900, 20
64000, 20
64100, 20
64200, 20
64300, 20
64400, 20
64500, 20
64600, 20
64700, 20
64800, 20
64900, 20
65000, 20
65100, 20
65200, 20
65300, 20
65400, 20
65500, 20
65600, 20
65700, 20
65800, 20
65900, 20
66000, 20
66100, 20
66200, 20
66300, 20
66400, 20
66500, 20
66600, 20
66700, 20
66800, 20
66900, 20
67000, 20
67100, 20
67200, 20
67300, 20
67400, 20
67500, 20
67600, 20
67700, 20
67800, 20
67900, 20
68000, 20
68100, 20
68200, 20
68300, 20
68400, 20
68500, 20
68600, 20
68700, 20
68800, 20
68900, 20
69000, 20
69100, 20
69200, 20
69300, 20
69400, 20
69500, 20
69600, 20
69700, 20
69800, 20
69900, 20
70000, 20
70100, 20
70200, 20
70300, 20
70400, 20
70500, 20
70600, 20
70700, 20
70800, 20
70900, 20
71000, 20
71100, 20
71200, 20
71300, 20
71400, 20
71500, 20
71600, 20
71700, 20
71800, 20
71900, 20
72000, 20
72100, 20
72200, 20
72300, 20
72400, 20
72500, 20
72600, 20
72700, 20
72800, 20
72900, 20
73000, 20
73100, 20
73200, 20
73300, 20
73400, 20
73500, 20
73600, 20
73700, 20
73800, 20
73900, 20
74000, 20
74100, 20
74200, 20
74300, 20
74400, 20
74500, 20
74600, 20
74700, 20
74800, 20
74900, 20
75000, 20
75100, 20
75200, 20
75300, 20
75400, 20
75500, 20
75600, 20
75700, 20
75800, 20
75900, 20
76000, 20
76100, 20
76200, 20
76300, 20
76400, 20
76500, 20
76600, 20
76700, 20
76800, 20
76900, 20
77000, 20
77100, 20
77200, 20
77300, 20
77400, 20
77500, 20
77600, 20
77700, 20
77800, 20
77900, 20
78000, 20
78100, 20
78200, 20
78300, 20
78400, 20
78500, 20
78600, 20
78700, 20
78800, 20
78900, 20
79000, 20
79100, 20
79200, 20
79300, 20
79400, 20
79500, 20
79600, 20
79700, 20
79800, 20
79900, 20
80000, 20
80100, 20
80200, 20
80300, 20
80400, 20
80500, 20
80600, 20
80700, 20
80800, 20
80900, 20
81000, 20
81100, 20
81200, 20
81300, 20
81400, 20
81500, 20
81600, 20
81700, 20
81800, 20
81900, 20
82000, 20
82100, 20
82200, 20
82300, 20
82400, 20
82500, 20
82600, 20
82700, 20
82800, 20
82900, 20
83000, 20
83100, 20
83200, 20
83300, 20
83400, 20
83500, 20
83600, 20
83700, 20
83800, 20
83900, 20
84000, 20
84100, 20
84200, 20
84300, 20
84400, 20
84500, 20
84600, 20
84700, 20
84800, 20
84900, 20
85000, 20
85100, 20
85200, 20
85300, 20
85400, 20
85500, 20
85600, 20
85700, 20
85800, 20
85900, 20
86000, 20
86100, 20
86200, 20
